time,x,y,z,phi,theta,psi,x_velocity,y_velocity,z_velocity,phi_velocity,theta_velocity,psi_velocity,rotor_speed1,rotor_speed2,rotor_speed3,rotor_speed4
0.06,-3.78834581304e-07,-6.11438846202e-08,10.004953381,6.28309884171,0.000317810918808,0.0,-3.2248452764e-05,-6.67747765481e-06,0.165102451889,-0.0044916389401,0.0142086552234,0.0,456.61797521188356,457.74979010666686,457.17451362007705,456.81658553663203
0.12000000000000001,-1.20146164885e-05,-3.17035002781e-06,10.0177876689,6.28294014391,0.000954693979406,0.0,-0.00043251999172,-0.000118486137998,0.262689008666,0.00081403978639,0.0022313876912,0.0,435.4957756194222,434.4928555011179,437.1290151090923,437.5708994214534
0.18,-6.00414363318e-05,-1.56488920532e-05,10.0383665697,6.28289948779,0.00115506675432,0.0,-0.00118697239796,-0.000296799108415,0.423227930252,-0.00384178980861,0.00546866942494,0.0,456.28337728008796,456.5416400619769,455.36919494489564,454.99668240717506
0.23999999999999996,-0.000161820885655,-4.17664653981e-05,10.07107988,6.2825003303,0.00165061820601,0.0,-0.00225695856352,-0.000611715397402,0.667105042548,-0.0129686841935,0.0133259012022,0.0,480.81835801827657,481.41304187217935,480.4513402535016,479.75907561318337
0.3,-0.000345493649364,-9.88532421722e-05,10.1202470945,6.28267718889,0.00250062212614,0.0,-0.00397425828728,-0.0013160361547,0.971593631191,0.0236233048753,0.0157974468612,0.0,497.69695842254464,497.8776598042299,497.0103176866532,499.68463620410176
0.36000000000000004,-0.000641020660048,-0.000181636456754,10.182238445,0.00184664054677,0.00314670229014,0.0,-0.00596311607813,-0.00123314691064,1.09467433562,0.0596624294897,-0.00190132189828,0.0,445.96240142408277,444.5144709279427,443.53908960294865,446.4893867323996
0.4200000000000001,-0.00107658290363,-0.000193718617711,10.2549451401,0.00506449711912,0.00347264081872,0.0,-0.00857142618278,0.00124886040623,1.32863869406,0.0374687614014,0.0170935583117,0.0,477.10775441344623,478.55557273363837,480.4422702744879,478.7583969545048
0.48000000000000015,-0.00165940476076,-1.62758883745e-05,10.3357187058,0.00722405309479,0.00411765864559,0.0,-0.0109373343668,0.00486946386689,1.36377055739,0.0328643136077,-0.00662402770973,0.0,418.691138543434,416.62269066342594,417.7551732007037,417.3541957738392
0.5400000000000001,-0.00239727419158,0.000429788752741,10.4200929224,0.00863846638148,0.00349400385778,0.0,-0.0136083019762,0.0101835713122,1.4485981418,-0.0111488568055,-0.0192665899434,0.0,435.28221326515427,434.2231352678268,434.9441959952117,431.2427799994488
0.6000000000000002,-0.00327991186599,0.00121274248102,10.5095379918,0.00802950843609,0.0021860015263,0.0,-0.0156903811634,0.0158503539459,1.5327957109,-0.00822159084592,-0.0274204046066,0.0,434.5376927267014,433.8536564884365,433.5910120389289,433.83696607919734
0.6600000000000003,-0.00426010437114,0.00232740793392,10.6044417651,0.00770660564665,0.000559776820898,0.0,-0.0168161854826,0.0212631355427,1.63052949666,-0.000233483255956,-0.0264779227154,0.0,438.7288465653157,438.8069027777541,437.9177481506788,438.58174414139665
0.7200000000000003,-0.0052765519629,0.00379693250051,10.7097706944,0.00761922604401,6.28267374066,0.0,-0.0169051750756,0.0277119603395,1.88005886814,-0.00402182553142,-0.00460078974644,0.0,482.7922278480822,484.43995192661254,485.596835178683,485.3126275091211
0.7800000000000004,-0.00627946948595,0.00561214122547,10.8250605736,0.00718716069864,6.28227356097,0.0,-0.0164922261074,0.032761344189,1.96279876247,-0.0144693791353,-0.0111668118389,0.0,435.54361230167046,434.99425191728005,434.8982068103509,434.02240077573026
0.8400000000000004,-0.0072432102217,0.00775386735536,10.9500954419,0.00691362121205,6.28161295391,0.0,-0.015551116095,0.0385624486269,2.20459665785,0.0101935992583,-0.0106985563283,0.0,483.0480643631674,483.0835070253756,482.74674521203195,484.6041172451129
0.9000000000000005,-0.00813536164695,0.0102404569323,11.089302405,0.00760413495434,6.28143035943,0.0,-0.0141419504293,0.0443997125009,2.43517310395,0.0140166787318,0.00902599425369,0.0,480.5748327811761,482.06758194238097,480.57412632164403,480.86367449631626
0.9600000000000005,-0.00894272461357,0.0130981573882,11.2427329906,0.00813642279264,6.28212055882,0.0,-0.0128473900689,0.0509407672845,2.6786416266,-0.00417803667831,0.016047163558,0.0,485.4256891273182,485.952126397629,486.34212212721803,484.97738543280616
1.0200000000000005,-0.00969539946255,0.0163289683928,11.4072785079,0.00835264990212,0.000536504841548,0.0,-0.0123839739341,0.05675211368,2.80590536164,0.015831664442,0.0422462007916,0.0,450.7039340247731,452.81655162183483,451.94667303074004,453.556528964091
1.0800000000000005,-0.0104597863099,0.0199133876605,11.5790135385,0.0090716997126,0.0032610922565,0.0,-0.0133689548232,0.062814180083,2.91831417154,0.00289448576739,0.0510842231503,0.0,447.5779508192819,448.2978366855422,449.1928480504918,448.142386159642
1.1400000000000006,-0.0113308026689,0.0238451281054,11.754329537,0.00875084530912,0.0067561279583,0.0,-0.0159569295628,0.0682460085123,2.92553251585,-0.0319492647043,0.0696925242151,0.0,413.3315347570764,414.9708124744499,417.2516495025073,414.19852618759927
1.2000000000000006,-0.0124097237384,0.0280747974044,11.9282696538,0.00697282854447,0.0114607648109,0.0,-0.0203640840106,0.0725975245294,2.87260449847,-0.025364431545,0.0917744949856,0.0,394.0012779422473,396.04317492080565,393.18802103862714,393.79721095052247
1.2600000000000007,-0.01386329063,0.0325547340659,12.1015324144,0.00508006645232,0.016977129534,0.0,-0.0285924022232,0.0765804852033,2.9027391395,-0.0482834708487,0.0922669851925,0.0,421.50262373327877,421.55280258083445,424.108631535435,422.13497168408946
1.3200000000000007,-0.0160274795861,0.0372629687617,12.2829619827,0.00243312223261,0.0221861401843,0.0,-0.0442000527901,0.0800181382206,3.14427059605,-0.0368683978804,0.0727514010697,0.0,488.5013955456874,487.04936642202995,486.4361269826458,487.28923843250067
1.3800000000000008,-0.0192608506074,0.0421151248897,12.4792232438,0.00035745023223,0.0268301488093,0.0,-0.0641251770988,0.0814521060677,3.39704306298,-0.0303967285768,0.0853665228826,0.0,491.45070768331556,492.3889409406772,491.4390954025212,491.91817535564707
1.4400000000000008,-0.0237312935981,0.0470023434274,12.6878007806,6.281563793,0.0321134585328,0.0,-0.0854519335515,0.0812454284238,3.55504684573,-0.0387327285346,0.0929497535845,0.0,465.7857328830178,466.3844390455756,465.5098972438684,464.85673562060754
1.5000000000000009,-0.0296099551667,0.0518301765157,12.9061088389,6.27895703005,0.0372680748085,0.0,-0.111092624083,0.0794101801689,3.72134009053,-0.0551025380022,0.065617922232,0.0,469.876053635197,467.7577107226695,470.0711507244856,468.79984351686824
1.560000000000001,-0.037049020532,0.0564958388782,13.1320776512,6.2754208404,0.0408175923807,0.0,-0.137245650205,0.0757709648149,3.81064213428,-0.0679832752165,0.0413316179521,0.0,447.52983186977417,445.5508624491096,447.5188797776238,446.4666614994289
1.620000000000001,-0.0459893811552,0.060896009515,13.3601404344,6.27113164294,0.0434073979874,0.0,-0.16098292495,0.0705483939155,3.79150032311,-0.0796168788484,0.0465951358606,0.0,412.27116427312694,412.73719117031766,412.30259915556684,411.2689607995107
1.680000000000001,-0.056685616729,0.0648234901663,13.5935573175,6.26659139161,0.0456562695546,0.0,-0.195839397553,0.0598354394806,3.98837317382,-0.06876445787,0.00447322206246,0.0,481.53329912821505,478.33657067548165,479.2114512257345,480.03162205335167
1.740000000000001,-0.0693336295901,0.0680722495527,13.8348261847,6.26239365871,0.0457539290344,0.0,-0.225769042437,0.0480573388707,4.05368159389,-0.072470897791,-0.00477699642983,0.0,441.7869773755575,441.02352290278105,441.20244702719464,440.8925269735598
1.8000000000000012,-0.0839221562912,0.0704645817372,14.0831642236,6.25898780028,0.0458530376935,0.0,-0.260479646616,0.0312770858737,4.2236277654,-0.0362778826979,0.0121285842773,0.0,473.23780082901106,474.53736971154854,472.1802676634183,474.96195161120625
1.8600000000000012,-0.100541967345,0.0718107731953,14.3404495524,6.25652581914,0.0464217922333,0.0,-0.293561910415,0.0133644642285,4.35205482671,-0.0528208142003,0.00357008001163,0.0,463.63795409057775,462.9648720246115,462.5261517906466,461.2204605447666
1.9200000000000013,-0.119311339355,0.0719368117368,14.608747539,6.25275632409,0.0468526393952,0.0,-0.332081995086,-0.00952665790539,4.59026688813,-0.111775537197,0.0135692663888,0.0,495.5297561699931,496.26420582160785,497.5898740328091,493.2510705004285
1.9800000000000013,-0.140243225378,0.0706869750324,14.887890965,6.24599647186,0.0473466500893,0.0,-0.365697088624,-0.0328290270526,4.71397981577,-0.114501825618,-0.00545416296765,0.0,464.0881498149153,462.59232887294945,465.01788294192437,464.7935776616658
2.0400000000000014,-0.163183149706,0.0679062661534,15.1741235046,6.23884854444,0.0472779066435,0.0,-0.398926935837,-0.0605690687464,4.82660217703,-0.130520707892,0.00631706990463,0.0,461.2573142013105,462.1861173360806,462.628164805547,461.3526125544023
2.1000000000000014,-0.188161475036,0.0632650791372,15.4680184922,6.23091082645,0.0476242080463,0.0,-0.433695849348,-0.0949626795691,4.96923847926,-0.136099846417,0.00465793934669,0.0,472.32163973068674,472.1935505841816,471.77684631261326,471.33080697319775
2.1600000000000015,-0.214902161302,0.0567584176644,15.7635199646,6.22290927193,0.0482827199295,0.0,-0.457716922104,-0.122546093707,4.88114964106,-0.128380306262,0.0213013246853,0.0,397.7576930791677,399.2791685017274,399.0620290022939,399.747565669245
2.2200000000000015,-0.243271685264,0.0482561094427,16.0573231343,6.21550455962,0.049403674425,0.0,-0.488039759539,-0.16154672918,4.91209569136,-0.114980366263,0.0128503162503,0.0,438.68168561862086,437.9792333618123,437.4367393744101,438.5371547474204
2.2800000000000016,-0.273543401053,0.0371910593907,16.3542422896,6.20860045658,0.0502703483194,0.0,-0.521084111442,-0.207940568923,4.98482759332,-0.115244838489,0.0174561771841,0.0,451.0068662033442,451.37865506716014,452.3515433489692,452.3186743364351
2.3400000000000016,-0.305789446149,0.0232461607093,16.654980762,6.2012293156,0.051308833132,0.0,-0.553873315279,-0.257541690801,5.03947227828,-0.145854288483,0.0170102469717,0.0,447.146936352145,447.1105233114571,447.9529981232285,445.4422397693715
2.4000000000000017,-0.339971322553,0.00626101036739,16.9579767691,6.19201066217,0.0519195336226,0.0,-0.585598943134,-0.309423262244,5.06020894102,-0.177588948433,-0.00921885428182,0.0,438.24497181669295,436.0589774868047,437.8004302138057,435.1277526423063
2.4600000000000017,-0.376072206487,-0.0140281134323,17.2623729466,6.18133948989,0.0510303958283,0.0,-0.617698388967,-0.367838750598,5.0861030325,-0.178385208041,-0.0294188547011,0.0,439.16265495151845,437.48374062293095,439.49445691324166,439.39753531703184
2.520000000000002,-0.414156581659,-0.0381762024623,17.5698150531,6.17090952394,0.0492778191334,0.0,-0.651593978811,-0.438097486508,5.16149962002,-0.166015081682,-0.028794443125,0.0,454.5662835267132,454.6160947037496,454.9084586614794,455.8696694795552
2.580000000000002,-0.454145541314,-0.0665232902274,17.879827449,6.16137540153,0.0471937806384,0.0,-0.681206912551,-0.507658787881,5.17207391301,-0.147537545465,-0.0505561603005,0.0,436.67379741259157,434.85373153538256,434.34103856319,435.86332883537455
2.640000000000002,-0.495816551932,-0.0990687683669,18.1893007921,6.1525942353,0.0444845255762,0.0,-0.707599999847,-0.577933905478,5.14371588552,-0.144085331346,-0.0360959628488,0.0,422.5406044611342,423.7842289258337,422.6787549606037,422.95495661121316
2.700000000000002,-0.539134575983,-0.136292456235,18.499425255,6.14420706326,0.0420827758657,0.0,-0.736113078353,-0.663623521746,5.19339589577,-0.132345512565,-0.0493591332082,0.0,448.4586712521112,447.3790357971261,448.25560576904627,449.1907109079581
2.760000000000002,-0.583996363138,-0.178413445298,18.8096665417,6.13670525811,0.0387680197458,0.0,-0.759043088181,-0.741051779438,5.14806146958,-0.113402578516,-0.0708693537583,0.0,418.8948175335424,417.01732858451265,417.3531143462284,418.9879387427138
2.820000000000002,-0.630209008427,-0.225420422463,19.1179985923,6.13131175577,0.0343390013226,0.0,-0.781019923455,-0.826352070416,5.12964547384,-0.0635807345624,-0.080477945102,0.0,427.7314347194774,426.9076851081199,424.3498751677438,428.5974263475069
2.880000000000002,-0.677853098129,-0.278489039398,19.4307973057,6.12720937125,0.0295750269669,0.0,-0.806557541223,-0.94291925731,5.29610362654,-0.0802743030594,-0.0773268506725,0.0,484.3847431319711,484.6172007448975,485.06513987935466,483.80650652470234
2.940000000000002,-0.726773871382,-0.337838523138,19.7484416366,6.12216849156,0.0246191474811,0.0,-0.82372712568,-1.03582144546,5.29194477096,-0.0927965969835,-0.0960549836756,0.0,434.3177064451026,432.737895084413,434.1134527954219,433.0551819275923
3.000000000000002,-0.776663297761,-0.403043135575,20.0669807804,6.11621869883,0.0189379539734,0.0,-0.838726904198,-1.13816274209,5.32572961002,-0.116608896019,-0.0920831568855,0.0,445.6712174480653,445.98820190995326,447.21290382656747,445.25998899804006
3.0600000000000023,-0.827331301376,-0.474342689539,20.3865741498,6.10984373342,0.0136174029153,0.0,-0.849737162968,-1.23906342599,5.32721420008,-0.0910073404177,-0.0826130210382,0.0,435.7358415145347,436.52019784495616,435.39953560427904,437.5260340457387
3.1200000000000023,-0.878578439969,-0.551941169378,20.7070031932,6.10430528755,0.00820069210562,0.0,-0.858037364847,-1.34802793139,5.3534674409,-0.0950412551115,-0.113591604301,0.0,446.4294635405608,443.88673136681973,444.31774016361715,443.9796476605996
3.1800000000000024,-0.9302102075,-0.635980771905,21.0278796339,6.09821392729,0.00139842748141,0.0,-0.862443345355,-1.45380049991,5.3423018193,-0.119427996381,-0.112934028727,0.0,432.4578192804781,432.50139018358493,434.8165805041644,432.7587708275413
3.2400000000000024,-0.981990021186,-0.72664603292,21.3489501817,6.09114003383,6.27822231106,0.0,-0.86296570802,-1.5689942271,5.35975366642,-0.115004561986,-0.0949181997013,0.0,441.8333404932752,443.3063289721344,442.74108307044406,443.09239925718373
3.3000000000000025,-1.03366226876,-0.825236708993,21.6755543845,6.08422616705,6.27308010108,0.0,-0.858846484453,-1.71796773652,5.52597238927,-0.115687682088,-0.0717554784948,0.0,488.99131990516645,490.7084647399795,488.1620709875962,488.1005298290943
3.3600000000000025,-1.08494257446,-0.93352756997,22.0150632411,6.07717565408,6.26879003063,0.0,-0.849968211916,-1.89232708774,5.78932689045,-0.121420562301,-0.0709976210405,0.0,519.1379708818798,519.1880289939008,518.4056526601444,517.9923513899148
3.4200000000000026,-1.13567411372,-1.05118865182,22.3642634393,6.06984453795,6.26474501051,0.0,-0.840689742113,-2.030333481,5.85005575555,-0.12375869185,-0.0610789470541,0.0,462.26192825837893,463.03977864983676,462.98574333655966,462.7888525236046
3.4800000000000026,-1.18569015612,-1.17818660975,22.7212443487,6.0626907159,6.26125182234,0.0,-0.826115098553,-2.20353110365,6.04787111684,-0.111445157498,-0.0530420178618,0.0,504.8854647863552,505.4631588433085,503.89217378375236,504.7706660087216
3.5400000000000027,-1.23488591265,-1.3144306145,23.0842130816,6.0559924292,6.25890536786,0.0,-0.813509820166,-2.33850584662,6.05074499613,-0.112026487253,-0.0202214133205,0.0,447.78788115325926,450.4494481258635,448.4952350811045,448.437080336995
3.6000000000000028,-1.28331381864,-1.45866192535,23.4463084624,6.04911129266,6.25738085097,0.0,-0.800639128616,-2.46979237289,6.01893485367,-0.120612912705,-0.0385943236634,0.0,439.42902586413226,437.90279761589755,438.2558156063555,437.5293686652459
3.660000000000003,-1.33086665387,-1.6115430104,23.8091720218,6.04166999951,6.25499336861,0.0,-0.784239375354,-2.62685072645,6.07579579132,-0.131891231137,-0.0422992216563,0.0,468.13599805781325,467.8468412230695,466.39140151035497,465.49621802237675
3.720000000000003,-1.37746417147,-1.7733558415,24.172804012,6.03390521798,6.25205691143,0.0,-0.768785264158,-2.7675817119,6.04503120824,-0.1248721442,-0.0675184961639,0.0,441.4156553573385,439.3273451577269,440.5093167489829,441.07399006607596
3.780000000000003,-1.42297396208,-1.94456892126,24.5377584227,6.02719677515,6.24809540407,0.0,-0.747827625294,-2.94008360563,6.11924394146,-0.0937622118716,-0.0631955228526,0.0,473.8548560877128,474.1841920359852,473.5567110636909,475.9334152578236
3.840000000000003,-1.46733796791,-2.12490915031,24.9019512031,6.02185339343,6.24427107975,0.0,-0.730676707313,-3.07179670446,6.02070571148,-0.081006560839,-0.0648473832329,0.0,419.58084632131767,419.4341468913222,420.10850034579596,421.2061771260477
3.900000000000003,-1.51056862969,-2.31354638147,25.2613431523,6.01691883533,6.24080872815,0.0,-0.710047212305,-3.21658571616,5.9589894264,-0.0848353090307,-0.0462960615308,0.0,431.40787551036584,432.9693289793167,432.44772864350887,432.11930905508376
3.960000000000003,-1.55248203873,-2.51112588989,25.6175994733,6.01127054799,6.23872671072,0.0,-0.686866650609,-3.36988305541,5.91604073915,-0.128904692025,-0.0181260704422,0.0,436.8812797605821,439.2236561958643,441.03857181314544,437.3738337930795
4.020000000000002,-1.59304633373,-2.7175746226,25.9696622409,6.0040912035,6.23763202318,0.0,-0.665176601851,-3.51241997945,5.81943490234,-0.105671389262,-0.018483282502,0.0,421.1486324026108,421.117769018941,419.7040114040096,421.7020058729872
4.080000000000001,-1.6323083354,-2.93259023836,26.3155328326,5.99746648752,6.2366703954,0.0,-0.643459675013,-3.65539694628,5.70971444302,-0.12214448427,-0.0115192236877,0.0,415.6618061366734,416.2718903414864,417.1760665117701,415.72290469607753
4.14,-1.67012250103,-3.15708853617,26.6574568375,5.98967112086,6.23594663503,0.0,-0.6169543939,-3.82852834483,5.68729769359,-0.153814758211,-0.0131723298017,0.0,446.2125222955521,446.07764153390565,446.53350276162223,443.92551721220053
4.199999999999998,-1.70645505241,-3.39137823192,26.995509826,5.9802261958,6.23578406189,0.0,-0.594081139898,-3.98194657297,5.58109391816,-0.165804072372,0.0126570677454,0.0,417.14330104537856,419.39340455587205,418.8867212946521,417.8171878378809
4.259999999999997,-1.74149452635,-3.63452430452,27.3255318123,5.97032614973,6.23605770737,0.0,-0.573908621779,-4.1237991169,5.41987294353,-0.163442801691,-0.0211660508961,0.0,400.4237417610626,397.3340348041008,398.27553686763474,398.4620721257756
4.319999999999996,-1.77484059681,-3.88946090014,27.6554579165,5.96109227733,6.23475657241,0.0,-0.537538899852,-4.37480339931,5.57592931453,-0.13957551696,-0.022745335459,0.0,502.21780790886754,502.1032763610542,501.63126619366255,503.3419625259419
4.379999999999995,-1.8063428276,-4.15726342121,27.9874577564,5.95242325256,6.23340057314,0.0,-0.512421437274,-4.55271288877,5.49047901423,-0.156742225661,-0.0223108970562,0.0,429.02507547555166,429.06191976032153,429.7720076374842,428.293496808762
4.439999999999993,-1.83642029731,-4.43521475721,28.3122888465,5.94312277536,6.23190313139,0.0,-0.490038544855,-4.71319715314,5.33732243564,-0.151751295682,-0.030858344155,0.0,406.3756972946707,405.60839936319053,404.9405906714641,405.36415783040303
4.499999999999992,-1.86499972318,-4.72379889965,28.6302795064,5.93430701544,6.22992337828,0.0,-0.462454557767,-4.90706739028,5.26194831108,-0.13871273406,-0.0376550035123,0.0,433.87392426523917,433.30231514990413,432.04046784700415,433.11767021718185
4.559999999999991,-1.8917508564,-5.02506614293,28.9461073414,5.92572826732,6.22772309038,0.0,-0.429069473924,-5.13586700582,5.26471396251,-0.153265249328,-0.034773999722,0.0,459.312618554489,459.5405304603016,461.64430066291675,460.47585560075976
4.6199999999999894,-1.91643163172,-5.34040758102,29.2624449615,5.91659852475,6.22527345157,0.0,-0.393446527051,-5.37624396946,5.27877546666,-0.150045713853,-0.0570737987038,0.0,466.165072374678,464.41794039520414,466.62259883167025,466.8533121876481
4.679999999999988,-1.93912462538,-5.66912664231,29.5763160942,5.90800059993,6.22194733465,0.0,-0.362721960736,-5.58186313304,5.18317012222,-0.132410518419,-0.0523458006661,0.0,431.4667469890272,431.86365833767275,430.8415246966501,432.310301962832
4.739999999999987,-1.95979204222,-6.01112082043,29.8863347532,5.89955083638,6.21965921323,0.0,-0.325984662805,-5.81863643483,5.14993401435,-0.168480484985,-0.0189914562718,0.0,452.4228654418082,455.100193738768,455.55459228230876,452.6412992262215
4.799999999999986,-1.97830027685,-6.36702903289,30.193084842,5.88927804153,6.21845444218,0.0,-0.290872614613,-6.04583875426,5.07433391972,-0.177321702765,-0.0223494139044,0.0,441.846029525164,441.5690549230685,441.956800824479,441.1988534737691
4.859999999999984,-1.99477093896,-6.73623178658,30.4939119156,5.87838033843,6.21719623237,0.0,-0.258048770966,-6.26186283673,4.95271817761,-0.192029323033,-0.0183455123495,0.0,427.22176360938,427.5631034872432,427.79999714711374,426.5117786085703
4.919999999999983,-2.00904337737,-7.11984254357,30.790237684,5.86724791354,6.21592867838,0.0,-0.21763500974,-6.52603973817,4.92355533846,-0.174997693495,-0.0273638644386,0.0,461.1161980487176,460.40305344295166,459.6844436456964,461.00008715530186
4.979999999999982,-2.02104231801,-7.5184726535,31.0823003515,5.85634535449,6.2145241164,0.0,-0.182220611696,-6.76255422131,4.81114839077,-0.200545233799,-0.0164871012332,0.0,434.1298077031457,435.0416722597354,435.98205476609195,433.8080856604696
5.0399999999999805,-2.03061097244,-7.93321777146,31.3712494932,5.84392445481,6.21336835547,0.0,-0.136703671837,-7.06314195567,4.81874709192,-0.224847707834,-0.025488622186,0.0,478.23865739994557,477.55242239958864,477.7745900835825,475.8779058255459
